L	-0.0997	3.0636	1477010443000000	0.0000	2.7500	0.0000	1.0000
R	2.7472	1.5618	1.1498	1477010443400000	-0.0220	3.0991	-0.1097	0.9940
L	0.0287	3.7195	1477010443800000	-0.0938	3.4924	-0.2334	0.9724
R	3.7731	1.6602	0.6101	1477010444200000	-0.2143	3.8735	-0.3535	0.9354
L	-0.5753	4.1070	1477010444600000	-0.3817	4.2365	-0.4679	0.8838
R	4.3616	1.6911	0.8725	1477010445000000	-0.5932	4.5757	-0.5750	0.8181
L	-0.5035	4.8496	1477010445400000	-0.8456	4.8857	-0.6730	0.7396
R	4.7509	1.8065	0.7417	1477010445800000	-1.1348	5.1616	-0.7604	0.6494
L	-1.3202	5.5802	1477010446200000	-1.4564	5.3991	-0.8358	0.5490
R	5.7491	1.8859	1.2087	1477010446600000	-1.8051	5.5945	-0.8980	0.4399
L	-2.2097	5.4395	1477010447000000	-2.1756	5.7445	-0.9461	0.3239
R	6.4271	1.9631	0.2431	1477010447400000	-2.5620	5.8470	-0.9792	0.2028
L	-2.9284	5.8880	1477010447800000	-2.9582	5.9002	-0.9969	0.0785
R	6.6847	2.0782	0.6764	1477010448200000	-3.3579	5.9033	-0.9989	-0.0471
L	-3.7333	5.5935	1477010448600000	-3.7549	5.8563	-0.9851	-0.1719
R	7.2024	2.2462	-0.0305	1477010449000000	-4.1429	5.7600	-0.9558	-0.2940
L	-4.6018	5.5067	1477010449400000	-4.5157	5.6157	-0.9114	-0.4115
R	7.0826	2.3249	0.1461	1477010449800000	-4.8675	5.4259	-0.8526	-0.5225
L	-4.9996	5.2372	1477010450200000	-5.1927	5.1935	-0.7804	-0.6252
R	7.5437	2.3876	0.2623	1477010450600000	-5.4863	4.9222	-0.6959	-0.7181
L	-5.6019	4.6461	1477010451000000	-5.7435	4.6162	-0.6004	-0.7997
R	7.0990	2.4805	0.4966	1477010451400000	-5.9603	4.2804	-0.4955	-0.8686
L	-6.5062	3.7857	1477010451800000	-6.1333	3.9200	-0.3827	-0.9239
R	7.4796	2.5841	-0.2659	1477010452200000	-6.2599	3.5408	-0.2639	-0.9646
L	-6.3543	3.0721	1477010452600000	-6.3378	3.1487	-0.1409	-0.9900
R	6.9971	2.7567	-0.2542	1477010453000000	-6.3661	2.7500	-0.0157	-0.9999
L	-6.1507	2.3542	1477010453400000	-6.3441	2.3509	0.1097	-0.9940
R	6.2087	2.8614	-0.7313	1477010453800000	-6.2723	1.9576	0.2334	-0.9724
L	-6.2477	1.4055	1477010454200000	-6.1518	1.5765	0.3535	-0.9355
R	6.0899	2.9238	-1.1131	1477010454600000	-5.9844	1.2135	0.4679	-0.8838
L	-5.7319	0.9459	1477010455000000	-5.7729	0.8743	0.5750	-0.8182
R	5.1680	3.0722	-0.6333	1477010455400000	-5.5205	0.5643	0.6730	-0.7396
L	-5.3088	0.2453	1477010455800000	-5.2312	0.2884	0.7604	-0.6495
R	4.1707	3.1518	-1.3651	1477010456200000	-4.9097	0.0509	0.8358	-0.5490
L	-4.8443	-0.0035	1477010456600000	-4.5609	-0.1444	0.8980	-0.4400
R	4.3381	-3.0747	-1.1214	1477010457000000	-4.1904	-0.2945	0.9461	-0.3239
L	-4.0791	-0.6772	1477010457400000	-3.8040	-0.3970	0.9792	-0.2028
R	3.3757	-3.0570	-0.7410	1477010457800000	-3.4079	-0.4502	0.9969	-0.0785
L	-3.1129	-0.1767	1477010458200000	-3.0081	-0.4533	0.9989	0.0471
R	3.0934	-2.9686	-0.8893	1477010458600000	-2.6112	-0.4063	0.9851	0.1719
L	-2.3438	-0.3604	1477010459000000	-2.2232	-0.3100	0.9558	0.2940
R	1.8912	-3.0658	-1.5423	1477010459400000	-1.8504	-0.1657	0.9114	0.4115
L	-1.5159	0.2338	1477010459800000	-1.4986	0.0241	0.8527	0.5225
R	0.8703	2.9109	-0.6589	1477010460200000	-1.1734	0.2565	0.7804	0.6252
L	-0.9356	0.4382	1477010460600000	-0.8798	0.5278	0.6959	0.7181
R	0.9881	2.1947	0.5649	1477010461000000	-0.6226	0.8338	0.6004	0.7997
L	-0.3611	1.1714	1477010461400000	-0.4058	1.1697	0.4955	0.8686
R	1.9341	1.6995	0.5695	1477010461800000	-0.2327	1.5300	0.3827	0.9239
L	0.0363	2.1921	1477010462200000	-0.1062	1.9092	0.2639	0.9645
R	2.4228	1.6143	0.3399	1477010462600000	-0.0282	2.3013	0.1409	0.9900
L	-0.1120	2.7997	1477010463000000	0.0000	2.7000	0.0157	0.9999
R	2.8664	1.5767	1.3177	1477010463400000	0.0110	3.0997	0.0785	0.9969
L	0.0152	3.4886	1477010463800000	0.0704	3.4949	0.2028	0.9792
R	4.3433	1.4864	0.5965	1477010464200000	0.1789	3.8797	0.3240	0.9461
L	0.4114	4.1987	1477010464600000	0.3348	4.2478	0.4400	0.8980
R	4.5093	1.4561	0.4716	1477010465000000	0.5356	4.5934	0.5491	0.8358
L	0.7256	4.9035	1477010465400000	0.7781	4.9112	0.6495	0.7604
R	5.2875	1.3981	0.6521	1477010465800000	1.0585	5.1961	0.7397	0.6730
L	1.0973	5.6292	1477010466200000	1.3724	5.4436	0.8182	0.5750
R	5.9718	1.3418	0.3909	1477010466600000	1.7149	5.6497	0.8838	0.4679
L	2.0930	5.9066	1477010467000000	2.0805	5.8114	0.9355	0.3534
R	6.8979	1.1798	0.6208	1477010467400000	2.4635	5.9259	0.9724	0.2334
L	2.6786	6.1713	1477010467800000	2.8578	5.9915	0.9940	0.1097
R	6.5840	1.0867	0.3690	1477010468200000	3.2572	6.0072	0.9999	-0.0157
L	3.7379	5.8897	1477010468600000	3.6555	5.9727	0.9900	-0.1409
R	6.8109	0.9668	0.6162	1477010469000000	4.0463	5.8886	0.9646	-0.2639
L	4.5293	5.7599	1477010469400000	4.4234	5.7562	0.9239	-0.3827
R	6.8119	0.8859	0.2945	1477010469800000	4.7810	5.5775	0.8686	-0.4955
L	5.2533	5.3886	1477010470200000	5.1134	5.3554	0.7997	-0.6004
R	7.6901	0.7553	0.0189	1477010470600000	5.4153	5.0934	0.7181	-0.6959
L	5.6113	5.0839	1477010471000000	5.6820	4.7956	0.6252	-0.7804
R	7.2256	0.6520	0.4185	1477010471400000	5.9093	4.4668	0.5225	-0.8527
L	6.1473	4.2844	1477010471800000	6.0936	4.1121	0.4115	-0.9114
R	7.4365	0.5326	-0.3620	1477010472200000	6.2319	3.7370	0.2940	-0.9558
L	6.5410	3.4181	1477010472600000	6.3222	3.3476	0.1719	-0.9851
R	7.0937	0.4746	-0.4037	1477010473000000	6.3629	2.9500	0.0471	-0.9989
L	6.4927	2.4512	1477010473400000	6.3535	2.5503	-0.0785	-0.9969
R	6.2849	0.3017	-0.7844	1477010473800000	6.2941	2.1550	-0.2028	-0.9792
L	6.1847	1.8759	1477010474200000	6.1856	1.7703	-0.3239	-0.9461
R	6.0749	0.2057	-1.0425	1477010474600000	6.0297	1.4022	-0.4400	-0.8980
L	5.7238	0.8433	1477010475000000	5.8289	1.0565	-0.5490	-0.8358
R	5.7258	0.1314	-0.5483	1477010475400000	5.5864	0.7388	-0.6495	-0.7604
L	5.2537	0.6519	1477010475800000	5.3060	0.4539	-0.7396	-0.6730
R	5.3865	0.0620	-0.9102	1477010476200000	4.9920	0.2064	-0.8182	-0.5750
L	4.7989	-0.0670	1477010476600000	4.6496	0.0002	-0.8838	-0.4679
R	3.8238	-0.0549	-0.5776	1477010477000000	4.2840	-0.1614	-0.9354	-0.3535
L	4.1187	-0.4868	1477010477400000	3.9010	-0.2759	-0.9724	-0.2334
R	2.8092	-0.1227	-1.0180	1477010477800000	3.5067	-0.3416	-0.9940	-0.1097
L	3.1236	-0.5960	1477010478200000	3.1072	-0.3573	-0.9999	0.0157
R	2.2047	-0.1264	-0.5229	1477010478600000	2.7090	-0.3228	-0.9900	0.1409
L	2.1040	-0.1587	1477010479000000	2.3182	-0.2386	-0.9646	0.2639
R	1.9965	-0.0602	-1.1851	1477010479400000	1.9410	-0.1062	-0.9239	0.3827
L	1.7101	-0.0623	1477010479800000	1.5835	0.0725	-0.8686	0.4955
R	1.3697	0.2340	-0.9232	1477010480200000	1.2511	0.2946	-0.7997	0.6004
L	1.1266	0.4350	1477010480600000	0.9492	0.5566	-0.7181	0.6959
R	0.3824	0.8592	1.2925	1477010481000000	0.6825	0.8543	-0.6252	0.7804
L	0.2487	1.4372	1477010481400000	0.4552	1.1832	-0.5225	0.8526
R	2.2792	1.4412	0.6803	1477010481800000	0.2709	1.5379	-0.4115	0.9114
L	-0.1496	1.9592	1477010482200000	0.1326	1.9129	-0.2940	0.9558
R	2.0588	1.5437	0.5109	1477010482600000	0.0423	2.3024	-0.1719	0.9851
L	-0.1686	2.5651	1477010483000000	0.0016	2.7000	-0.0471	0.9989
